0 628 0.9999999999267714
1 158 0.33333333281224387
1 486 -0.5000000000036962
1 1097 -0.13684210536930363
1 2919 -0.22500000001182308
1 2933 0.29999999946616374
2 3285 0.9999999999267714
3 1431 0.1666666664339419
3 3219 0.4999999999545762
4 467 0.9999999999267714
5 648 0.14285714284626694
6 1501 0.9999999999267714
7 1833 0.4999999999545761
7 2137 0.4999999999545762
8 178 0.7499999999319467
8 1033 -0.02777777783078683
9 1007 0.49999999972581843
10 1670 -1.2504153268366736e-10
10 2622 -0.36666666669277204
11 2034 0.9999999999267714
12 113 -0.33333333341905025
12 557 -0.4333333335400791
12 677 -0.6309523809710587
12 794 -0.2916666666723313
12 839 -0.04166666675790731
12 966 -0.16666666671133124
12 1097 -0.6754385965196212
12 1357 -0.10833333344167739
12 1622 -0.2500000000087781
12 1760 -0.4166666666786025
12 2474 -0.41666666667860275
12 2487 -0.2916666670042112
13 1167 0.18333333330255752
13 1493 -0.10000000021049149
13 1871 -0.3000000000100629
13 1894 -0.05000000009862404
13 2711 -0.10000000021049105
14 146 0.7499999999319467
14 1248 0.7499999999319464
15 2521 0.9999999999267714
16 314 0.27472527432455507
16 616 0.25714285708524043
16 622 0.25476190462393744
16 1013 0.17142857112627918
16 1422 -0.6244588745021566
16 1567 0.10504201675827085
16 1605 0.2205882352606936
16 1708 0.21428571416287245
16 2166 0.2142857124225791
16 2415 0.17857142854628094
16 2416 0.22023809514813342
16 2417 0.05357142854504582
16 2418 0.22857142843824596
16 2597 0.19047618977573633
17 879 -1.6895818077955482e-11
17 2150 0.49999999996158007
18 582 -0.6470588235350077
18 778 -0.3333333333420525
18 812 -0.41666666667351837
19 1338 0.3333333333055044
19 1451 0.4166666666290113
19 3308 0.1666666665323031
20 3080 0.16666666665872054
21 1073 0.49999999972581843
22 726 -0.1666666666799932
22 2140 -0.3333333333420525
22 3251 -0.1666666666799934
23 1942 0.49999999972581843
24 1227 -0.33333333333916926
24 2027 -1.6896040122560407e-11
25 2057 0.4999999999545761
25 2331 -0.1428571430166119
26 222 0.08333333329885373
26 2729 0.08333333329885384
27 229 0.249999999899718
27 755 -0.39285714332465504
27 1012 0.14166666663177252
27 1290 0.11249999918191578
27 1422 -0.2661616166472405
27 1943 -0.3333333341367759
27 2021 0.0874999997699083
27 2023 0.2999999998522205
27 2282 -0.025000000018514656
27 2782 -0.09117647210786606
28 135 -0.4848484848604486
28 1447 -0.6969696970605452
28 1578 0.09090909089870935
28 1678 -0.31818181819993163
28 1912 -0.318181818431988
28 2059 -0.5757575757611704
28 2312 -0.6590909090935939
28 2313 -0.36363636393943644
28 2314 -0.7424242424260603
28 2315 -0.409090909096979
28 2316 -0.6818181827733287
29 1422 -0.48989898991872405
29 2838 0.49999999996158007
30 532 -1.6896040122560407e-11
30 1422 -0.48989898991872094
31 136 -0.30681818194047406
31 1131 -0.23863636405164712
31 1625 -0.219827587168842
31 1759 0.12499999997460531
32 118 -0.16666666667791996
32 3009 -0.3571428571478481
33 824 0.19999999997925055
33 1822 -0.6571428574203482
33 3193 -0.5235294117986049
33 3197 0.14999999842844036
33 3326 0.19999999997925055
34 75 0.24999999998872113
35 89 0.9999999999267714
36 763 0.9999999999267714
37 1745 0.9999999999267714
38 2228 -0.388888888892704
38 2388 -0.16666666667792018
39 1412 -1.6895818077955482e-11
39 2466 -0.16666666667792018
40 631 0.49999999996157996
40 2625 -0.30000000000697513
41 606 0.3333333333055044
41 1059 -0.1666666666799934
41 3309 0.33333333330550463
42 2655 0.09999999998787024
43 136 -0.35000000080150606
43 887 -0.5000000000337259
43 1096 -0.2666666667552511
43 1238 -0.2500000000383149
43 1429 -0.5000000000899743
43 1625 -0.3551724138190768
43 1731 -0.46428571430465193
43 1759 -0.061111112501366804
43 2632 -0.3722222222844018
43 2633 -0.4318181828799883
44 1227 0.08333333198622483
44 1845 0.41666666659884133
45 939 0.9999999999267714
46 3237 0.49999999972581843
47 820 0.19999999997925055
47 1098 0.19999999997925055
47 1388 0.19999999997925055
47 3130 0.19999999997925044
47 3131 -0.3000000000100629
48 2185 0.14285714284626694
49 1253 -0.16666666739414393
49 1510 0.16666666662786367
49 2228 -0.5833333335313242
49 2341 -0.500000000005361
49 2455 -0.1666666666966632
49 2994 -0.2500000001221403
50 2528 -0.16666666667791996
50 2529 -0.16666666667792018
51 453 -0.12828947373612776
51 493 -0.125000001056633
51 1034 -0.06250000059004512
51 1214 -0.19821428573756372
51 1422 -0.34027777782149426
51 1607 0.1874999998662682
51 2525 0.12499999998532452
51 2828 -0.31250000025469316
52 274 0.49999999996157996
52 1617 -0.3750000000043361
53 61 0.16666666665872054
54 728 0.3333333333055044
54 1903 -0.5000000000046985
54 2378 -0.1666666666799934
55 186 -0.16666666678118958
55 2119 -0.166666666728027
55 2324 -7.008393865248763e-12
56 1027 -3.06552561113449e-11
56 2609 0.4999999999545762
57 487 -0.33333333333916926
57 2570 -1.6896040122560407e-11
58 284 0.14999999842844036
58 740 0.26666666653894644
58 742 0.09999999991170583
58 1416 0.0999999999117056
58 2009 0.14999999842844036
59 931 -0.28571428671356136
59 962 -0.27922077933435174
59 968 -0.2751322762536932
59 1214 -0.2571428571644938
59 1290 -0.1428571444405704
59 1422 -0.30735930761255514
59 2826 0.28571428481122274
60 793 0.41666666662901153
60 916 0.41666666662901164
60 2992 0.33333333330550463
61 53 0.16666666665872054
61 1443 -0.16666666702793975
61 1514 0.16666666664825036
61 1734 -0.1666666670279402
61 2063 -0.5000000000126457
61 2113 -0.36666666670580583
62 1620 0.043478260861582796
63 1053 0.9999999999267714
64 1431 0.3333333333055044
65 1944 0.1249999999881557
66 1062 -0.1666666666799932
66 2342 -0.4166666666735186
66 3144 -0.41666666667351837
67 1960 0.49999999972581843
68 2411 0.24999999998872113
69 157 -4.557789701209458e-10
69 1178 0.41666666662901164
69 2370 -0.1666666666799934
70 808 -0.4142857145189025
70 1474 -0.21428571461347845
70 2245 -0.3928571428687735
70 2335 -0.3928571428687735
70 2557 -0.214285714613478
70 2899 -0.6294642857495631
70 3009 -0.5000000000141473
71 328 0.7499999999319467
71 660 0.41666666659884133
72 1896 0.04761904761007385
73 497 0.12499999887465874
73 832 0.49999999973567455
73 1779 0.4583333322048887
74 2365 0.49999999972581843
75 34 0.24999999998872113
75 1300 0.24999999997633593
75 1697 0.24999999997633604
75 1879 -0.6500000000021451
76 1132 0.16666666664825058
76 1861 0.08333333198622483
76 2428 -0.33333333334233695
76 2530 0.08333333198622483
76 2644 -0.3333333333469428
76 2955 -0.5357142857621486
77 1222 0.24999999998872113
78 1687 -0.4500000009753793
78 2043 0.24999999997633593
78 2366 -0.5833333333371751
78 2492 -0.42500000000632965
79 298 0.4999999999545761
79 2089 0.049999998631866105
80 359 0.4166666666290113
80 2316 -0.5757575757611697
80 3029 0.41666666662901186
81 558 0.4499999999172086
81 591 0.33333333329669546
81 1145 0.03333333304128672
81 1527 0.24999999995221212
81 2414 0.11666666570387063
81 2976 -0.18333333382059247
82 2271 0.33333333331549275
83 540 -0.3238636367900294
83 584 -0.5416666667766772
83 649 -0.25000000004017253
83 654 -0.2500000000239351
83 923 -0.21875000002848477
83 1077 0.06249999999065314
83 1225 -0.15625000003701128
83 1383 -0.37500000015898616
83 1842 -0.12500000005412937
83 1932 -0.21875000061174532
83 2673 -0.6062500007346407
83 3017 -0.3437500003248717
83 3018 -0.09375000030030245
83 3046 -0.34375000015324675
83 3299 -0.37500000015898705
83 3318 0.062499999990653254
84 582 -0.21078431373132744
84 653 0.7499999999319465
85 2893 0.49999999972581843
86 1488 0.49999999996157996
86 1857 0.49999999996158007
87 1710 0.24999999996639688
87 2215 0.41666666659884133
88 3156 0.16666666665872054
89 35 0.9999999999267714
90 118 -0.1666666666799934
90 3277 0.49999999996158007
91 1992 0.09090909089705657
92 582 -0.36274509806403343
92 2189 0.045454545405574254
93 2939 0.49999999972581843
94 1192 0.7499999999319467
94 2793 0.7499999999319464
95 110 -3.0790703320349166e-11
95 822 -0.04166666691236043
95 928 -0.08333333334478854
95 2269 -0.047619048293888744
95 2636 -0.08333333441557444
95 3274 -0.022727272757234296
96 119 -0.12500000016829227
96 132 -9.793847954853163e-10
96 339 -0.41666666667373575
96 1322 0.3749999998725374
97 902 0.666666666480708
97 1201 0.6666666664807084
97 2572 0.6666666664807096
98 353 -0.4000000000064694
98 386 0.09999999998832121
98 936 -0.5500000000486378
98 1078 -0.42500000000323346
98 1406 0.09999999998832121
98 2174 -0.6750000000426515
98 2284 -0.05000000056114362
98 2297 -0.050000000561144065
98 2510 -0.30000000002771166
98 2511 -0.1500000000478241
99 157 -0.41666666667373575
99 1015 -0.46666666667226453
99 2571 -0.1666666666799934
100 1026 0.24999999996639688
100 2158 0.7499999999319464
101 825 -0.3214285716954066
101 1325 0.14285714284071527
101 1340 -0.0714285714907188
101 1434 -0.21428571461347823
101 2855 0.09523809515610737
101 3087 -0.214285714613478
101 3161 0.1428571428407155
102 1016 -0.416666666673736
102 1639 0.24999999997633593
102 1748 0.24999999997633604
102 2198 0.24999999997633593
103 2130 0.49999999972581843
104 1768 0.14999999997369884
104 1964 0.7499999999319464
105 976 0.49999999972581843
106 155 0.19999999994988793
106 1366 -0.5000000000697056
106 2189 -0.4727272728046443
106 2643 0.09999999956988115
106 2776 0.2999999999680806
107 3193 0.05882352939801805
108 1833 0.4999999999545762
108 2137 0.4999999999545762
109 1454 0.24999999997633604
109 1819 0.24999999997633593
109 2658 0.24999999997633604
109 2659 -0.2500000000114524
110 95 -3.0790703320349166e-11
110 472 0.062499999940295536
110 541 -0.15151515158189444
110 1551 0.24999999985375299
110 1704 0.3333333331572703
110 3274 0.09090909088127741
111 251 0.9999999999267714
112 1249 0.49999999972581843
113 12 -0.33333333341905025
113 150 -0.3000000001662195
113 1533 -0.25000000001145284
113 1875 -0.5625000001176979
114 553 0.16666666664825058
114 1419 -0.5833333333373463
114 1538 0.16666666664825036
114 1686 0.16666666664825058
114 2074 0.1666666666482507
114 2677 0.1666666666482507
115 880 -1.6895818077955482e-11
115 2122 -0.16666666667792018
116 3310 0.9999999999267714
117 367 0.9999999999267714
118 32 -0.16666666667791996
118 90 -0.1666666666799934
118 3133 -0.500000000004698
119 96 -0.12500000016829227
119 132 -0.08333333344669192
119 1829 -0.5000000000056277
119 3133 -0.41666666747927184
120 337 0.7499999999319467
120 1650 0.41666666659884133
121 1911 0.49999999996157996
121 3137 0.49999999996158007
122 827 0.7499999999319467
122 2421 0.14999999997369884
123 1992 0.09090909089870935
124 1811 0.14285714284626694
125 831 0.49999999972581843
126 204 0.33333333331549286
127 143 0.9999999999267714
128 1041 0.33333333331549286
129 1240 0.9999999999267714
130 582 -0.20098039216749508
130 1004 0.062499999945879514
131 935 -0.3333333333420525
131 2622 -0.5000000000412061
131 3324 -1.2995204912158442e-10
132 96 -9.793847954853163e-10
132 119 -0.08333333344669192
132 779 -0.33333333334233695
132 1322 0.16666666662786334
132 1329 0.1666666666482507
132 3134 -0.2500000006833283
133 1631 0.9999999999267714
134 874 0.49999999972581843
135 28 -0.4848484848604486
135 1566 0.3333333333055044
135 2080 -0.33333333335561566
136 31 -0.30681818194047406
136 43 -0.35000000080150606
136 1561 -0.31818181926094713
136 1702 -0.5757575757611701
136 1759 -0.35858585963098943
136 1940 -0.6136363636593067
136 2315 -0.40909090909394497
136 2507 -0.30000000026941565
136 2519 -0.5606060606271628
136 2520 -0.18181818392433025
136 2598 -0.2727272727626797
137 755 -0.12500000026551694
137 1034 0.0937499998559943
137 1422 -0.17803030598972902
137 2782 -0.04411764815391939
138 468 -0.207729468654674
138 680 -0.05555555564534087
138 1097 -0.46491228143578267
138 1131 -0.5050505054622836
138 1736 -0.3055555555769973
138 1853 -0.27777777792015135
138 2196 -0.4047619048501998
138 2487 -0.3333333335340676
138 2488 -0.13888889079776612
139 602 0.41666666659884133
139 958 0.2499999999663971
140 1713 0.9999999999267714
141 1036 0.33333333331549275
142 1002 -5.680904635596562e-10
142 1200 -1.8916423982773267e-11
142 1455 0.24999999993888977
142 2059 -0.466666666672265
142 2734 0.2999999984305499
143 127 0.9999999999267714
144 847 -0.26136363641321014
144 1130 -0.02500000083924392
144 1429 -0.0694444445941611
144 2110 0.29166666663416685
145 3121 0.9999999999267714
146 14 0.7499999999319467
146 1248 0.7499999999319465
147 1350 -0.37500000000749534
147 1439 0.1499999987161208
147 1647 -0.041666666700766575
147 2264 -0.08750000011291603
147 2404 -0.19318181822103808
147 2405 -0.15178571441861566
147 2625 -0.41250000051265
147 2626 -0.0763888894566862
148 1770 -0.3333333333420525
148 2068 0.33333333330550463
148 2228 -0.5555555555596883
149 364 0.33333333331549275
150 113 -0.3000000001662195
150 557 -0.40000000017008297
150 677 -0.6142857143077438
150 966 -0.133333333474561
150 1097 -0.6421052632842201
150 1357 -0.25000000038505044
150 1622 -0.23333333333494055
150 1760 -0.4000000000717341
150 2474 -0.4000000000717343
150 2487 -0.3333333333942512
151 930 -0.035714285757527886
151 1736 -0.0833333333462829
151 2217 -0.16666666699366894
151 2299 -0.12500000187524773
152 1429 -0.30555555587964234
152 1666 -0.2500000002278564
152 2546 0.33333333330550463
153 396 -0.29166666671154506
153 744 -0.416666666966361
153 755 -0.5357142865840492
153 2925 -0.5297619048141029
154 450 -0.633333333344873
154 1112 -0.6000000000762218
154 1131 -0.32727272732879364
154 1625 -0.37586206948895784
154 1668 -0.4000000017845189
155 106 0.19999999994988793
155 922 -3.9181102806651324e-11
155 2643 -6.032554455970285e-10
155 2776 0.3499999999341321
156 942 -0.5000000000056277
156 1334 -0.2500000000114524
156 1677 -0.5000000000056277
156 3084 0.24999999997633593
157 69 -4.557789701209458e-10
157 99 -0.41666666667373575
157 1178 0.24999999997759326
157 2507 -0.650000000002144
158 1 0.33333333281224387
158 1097 -0.12280701755566059
158 2919 0.04166666655243734
159 465 0.24999999998872113
160 926 0.29999999994327087
160 934 0.4249999993447686
160 1616 -0.03333333385023951
160 2133 0.29999999994327076
160 2716 0.19999999997925055
161 2003 0.3333333333055044
161 2735 0.3333333333055044
161 3070 0.33333333330550463
162 1070 0.24999999998872147
163 3182 0.9999999999267714
164 2409 0.9999999999267714
165 944 0.3333333333055044
165 1994 0.3333333333055044
165 2804 -0.3333333333420525
166 667 0.09090909089705657
167 1904 -1.6895818077955482e-11
167 2909 -0.2500000000086169
168 3193 0.058823529398018604
169 247 -0.3750000000043361
169 929 -1.6896040122560407e-11
170 491 -0.07142857158398797
170 881 -0.12857142861175896
170 1755 -1.2309109287400588e-10
170 2228 -0.30952380953513914
170 2571 -0.3571428571478479
170 2583 -0.35714285715102734
170 2803 -0.35714285715102667
171 425 0.9999999999267714
172 1557 0.16666666659628615
172 2320 0.16666666659628637
172 2322 0.4166666660949093
173 519 0.49999999972581843
174 1289 0.9999999999267714
175 2941 0.9999999999267714
176 2679 0.41666666659884133
176 2750 0.7499999999319464
177 1971 -0.5000000000216398
177 2442 0.06666666664408738
177 2687 0.41666666662901186
178 8 0.7499999999319467
178 1033 -0.02777777783078683
179 1298 0.24999999975134723
179 1860 0.24999999975134712
179 2436 0.24999999975134823
179 2696 -0.2500000000114524
180 351 0.42499999997033944
180 661 -3.9542413787785335e-10
180 2638 -3.9542324969943365e-10
180 2639 0.6249999993755981
181 1262 0.24999999999311573
181 1422 -0.4696969697121052
182 2262 0.49999999972581843
183 2946 0.9999999999267714
184 1825 0.33333333331549275
185 3278 0.9999999999267714
186 55 -0.16666666678118958
186 2507 -0.2000000000136659
186 2883 0.41666666662901186
187 199 0.9999999999267714
188 2619 0.24999999998872113
189 1802 -0.0833333333566324
189 2076 -0.1666666666799934
189 2434 -0.29166666669932195
190 325 0.41666666662901175
190 3107 -0.46666666667226453
190 3184 0.16666666653230233
191 1927 -1.6895818077955482e-11
191 2169 -1.6896040122560407e-11
193 572 0.33333333331549275
194 397 0.03571428457938719
194 1522 -0.19642857159031757
194 1620 -0.6832298136882775
194 2218 -0.5238095238143972
194 2900 -0.46428571441555366
194 3051 -0.45238095239434495
194 3052 -0.35714285715102667
195 1407 0.49999999996157996
195 1823 -0.16666666667792018
196 2508 0.9999999999267714
197 715 -0.2857142857236188
197 755 -0.42857142857601516
198 1453 -0.3333333333420523
198 2001 0.3333333333055044
198 2327 0.33333333330550463
199 187 0.9999999999267714
200 2842 0.41666666659884133
200 2843 0.7499999999319464
201 1701 0.49999999972581843
202 1594 0.9999999999267714
203 1094 -4.557789701209458e-10
203 2899 -0.1562500009214729
203 3009 -0.14285714289460816
204 126 0.33333333331549286
204 1434 0.1666666664339418
204 3087 0.1666666664339418
205 212 0.05952380899473031
205 783 0.0595238089947302
205 854 -0.5238095238143974
205 2296 -0.11904761908984951
205 3076 0.07142857114678969
205 3134 -0.5238095238135414
205 3265 -0.11904761908984951
206 772 0.24999999998872113
207 270 0.9999999999267714
208 218 0.022727272519526664
208 404 0.34090909066056707
208 438 0.28571428564713897
208 997 0.056818181564248116
208 1534 0.12727272571020376
208 1718 0.3116883104655539
208 2433 0.1060606060276833
208 2703 0.14705882308346319
208 2705 0.3124999999704815
208 2706 0.2857142847164691
208 2966 0.2499999995221196
209 1991 0.24999999998872147
210 3183 0.49999999972581843
211 1444 0.49999999996158007
211 1896 -0.45238095238557285
212 205 0.05952380899473031
212 783 0.16666666657540818
212 2835 0.1999999999775699
212 2836 -0.08333333335290005
212 3076 0.37499999907516124
212 3265 -0.08333333335289961
213 528 0.033333333306276525
213 2097 -0.22222222223436905
213 3073 0.33333333329570547
214 2485 -0.33333333334205273
214 2773 -4.557787480763409e-10
214 2928 0.1666666665323031
215 582 0.01960784306660035
216 695 -0.46666666667226475
216 1655 -0.5238095238135425
216 2615 -0.1666666666799934
217 1319 0.33333333231575735
217 1603 0.6666666664290715
217 2867 0.23333333281529
218 208 0.022727272519526664
218 1482 0.1666666666482507
218 1718 0.17857142828644001
218 1896 -0.3214285714562737
218 2433 0.24999999976720289
218 2703 -0.10294117656344781
219 2254 0.1071428570696682
219 3093 0.49999999988341715
220 755 -0.2321428587103187
220 968 -0.20634920814979285
220 1034 0.1160714280984414
220 1214 -0.028571429197353337
220 1422 -0.16089466095871185
220 2475 0.14880952296332883
220 2782 -0.03571428636803353
221 1097 0.052631578926648825
222 26 0.08333333329885373
222 567 -0.5277777785617013
222 1392 -2.0627854979693439e-10
222 2634 0.16666666662786378
222 2729 -0.2500000009025254
222 2857 -0.08333333334278592
224 1622 0.33333333330550463
225 741 0.14999999988657298
225 1066 0.19999999993546336
225 1528 0.19999999997925055
225 3203 0.19999999993546336
225 3204 -1.1941891919775571e-10
226 1907 -1.3381962205016862e-11
226 2713 0.3333333332806956
227 843 -0.3750000000426936
227 1809 0.12499999921674987
227 2619 -2.0754455931637494e-09
227 3249 -0.01388888913529751
228 300 0.06666666601743898
228 411 -0.25000000003248357
228 1233 0.16666666664825036
228 1531 -0.16666666680507958
228 2815 0.0666666662806007
228 3012 0.1666666666482507
229 27 0.249999999899718
229 307 -0.15000000165374283
229 492 -0.10000000021512245
229 887 -0.08888888893384639
229 895 0.19999999957342363
229 1230 -0.028571428809895938
229 2023 0.29999999934725186
229 2282 -0.06250000098344866
229 2782 -0.16176470631041462
229 2785 0.1499999997661975
230 356 -0.16666666667999364
230 1968 0.3333333333055044
230 2979 -0.1666666666799934
231 875 0.16666666665872032
232 252 0.49999999996157996
232 333 -1.6896040122560407e-11
233 2079 0.9999999999267714
234 582 -0.4607843137459817
234 2391 0.41666666662901175
234 2993 -0.3333333333420525
235 256 0.9999999999267714
236 618 -0.16666666667791996
236 1582 -0.3000000000069756
237 585 -0.04166666671164698
237 1731 -0.32142857154462123
237 2398 -0.16666666780461137
237 2564 -0.3055555556394747
238 735 0.9999999999267714
239 767 0.49999999969638
239 1321 0.4166666660949092
239 3230 0.49999999969638065
240 2942 0.49999999972581843
241 603 -0.20000000014304198
241 936 -0.15000000077371545
241 1414 0.024999999865458533
241 2174 -0.3812500000853918
241 2861 -0.16666666675524788
242 796 -0.25000000005213385
242 1582 -1.928235349168972e-11
242 1736 -0.2500000000732905
242 2032 0.1666666665823079
242 2196 -0.285714286509297
242 2299 0.24999999932338102
243 931 -0.3571428571510269
243 1812 -0.16666666667792018
244 906 0.19999999999175544
245 1066 -3.756055466652697e-10
245 3124 0.19999999997925044
245 3189 0.19999999997925055
245 3203 -3.7560532462066476e-10
245 3204 -3.3157032675035225e-10
246 1422 -0.113636366734853
246 2782 0.029411764667199525
247 169 -0.3750000000043361
247 1217 -0.37500000000749556
247 1265 -0.37500000000749556
247 2063 -0.7638888888904907
247 2088 -0.25000000000776246
247 2613 -0.41666666670668095
247 2643 -0.500000000116193
247 2848 -0.5833333333475639
248 297 0.41666666659884133
248 1669 0.7499999999319464
249 906 0.19999999997925055
250 825 -0.3333333333423367
250 2083 -1.6896040122560407e-11
251 111 0.9999999999267714
252 232 0.49999999996157996
253 843 -0.08333333350771865
253 1992 -0.5757575757611695
253 2579 -0.03333333362467794
254 266 -0.33333333339285254
254 1543 -0.25000000049404125
254 1687 -0.4916666674945904
254 1772 -0.10833333334710615
254 1822 -0.4761904762849023
254 2067 0.00833333158422389
254 2222 -0.10833333334710682
254 2551 -0.5833333333910276
254 2619 -0.2916666668330361
254 2732 0.033333333279138566
254 2733 -0.10833333336377038
254 3249 -0.4305555566960211
255 2277 0.33333333331549264
256 235 0.9999999999267714
257 720 0.49999999996157996
257 2970 -1.6896040122560407e-11
258 962 0.09090909089870935
259 1637 0.49999999996157996
259 2978 -1.6896040122560407e-11
260 2749 0.49999999972581843
261 288 0.49999999972581843
262 1597 0.9999999999267714
263 525 -0.40000000043174877
263 737 -0.3000000000100629
263 886 -0.40000000050282947
263 2422 -0.2714285725335417
263 2655 -0.25000000001628986
264 1267 0.9999999999267714
265 1536 0.4583333322048887
265 2220 0.29999999837826286
265 2452 0.2333333330765982
266 254 -0.33333333339285254
266 672 -0.416666666766198
266 1156 -0.416666666766198
266 1809 -0.18750000039657921
266 2067 -0.47500000000714504
266 2619 -0.0625000000444913
266 3249 -0.2430555557255889
266 3298 0.12499999998532452
267 749 0.37499999990968846
267 1259 0.10714285706966842
268 1942 -0.2500000000086169
268 2622 -0.5833333336597555
268 3242 -0.2500000000114524
268 3324 -0.16666666670184216
269 1782 -0.5000000000053608
269 1903 -0.6666666666694114
269 3228 -0.29166666675495323
269 3234 0.16666666664825058
269 3235 0.1666666666482507
269 3236 0.08333333198622483
270 207 0.9999999999267714
271 1266 0.49999999972581843
272 450 -0.43333333333847635
272 2765 -1.6896040122560407e-11
273 416 0.1666666666010399
273 468 -0.404347826198304
273 768 0.04999999993149251
273 1417 0.2499999988356958
273 2217 -0.05833333345328162
274 52 0.49999999996157996
275 710 -1.6895818077955482e-11
275 1297 -1.6896040122560407e-11
277 3238 0.9999999999267714
278 2015 0.4999999999545761
278 2469 0.1666666664339418
279 688 0.49999999973567466
279 1928 0.6666666664290715
279 2326 0.49999999973567477
280 1296 -0.3000000000069758
280 1563 -1.6896040122560407e-11
281 646 0.9999999999267714
282 1163 0.7499999999319467
282 2348 0.035714285672342805
283 1596 0.37499999997169375
283 3252 0.37499999997169386
284 58 0.14999999842844036
284 2009 0.7499999999319465
285 1418 0.49999999996157996
285 1967 -0.35714285714784766
286 1466 0.24999999997633604
286 1835 -0.5500000000046017
286 2401 -0.607142857146105
286 2674 0.24999999997633593
287 1011 0.1666666666587202
288 261 0.49999999972581843
288 1361 0.49999999996158007
289 1422 -0.22727272768825868
289 1943 0.03333333331111388
290 2701 0.49999999972581843
291 873 0.33333333331549275
292 594 0.24999999997633604
292 1843 -0.5000000000056277
292 2141 0.24999999997759303
292 2854 0.24999999997759326
293 1585 -0.02272727280211173
293 1874 0.49999999988341715
294 540 0.022727272704225365
294 3046 -0.06250000001219314
295 3061 0.9999999999267714
296 2853 0.19999999999175544
297 248 0.41666666659884133
297 513 0.3333333333055044
297 1669 0.4166666666290123
298 79 0.4999999999545761
298 468 -0.36956521768666706
299 1057 0.49999999996157996
299 1134 0.49999999996158007
300 228 0.06666666601743898
300 1410 -0.10000000019547062
300 1531 -0.01666666702299513
300 2763 -0.30000000001006266
300 2815 0.09999999961122619
301 1204 0.49999999972581843
302 962 -0.06060606147731695
302 1943 -0.25000000012891443
302 2651 -0.1428571429598755
303 493 -0.2916666669588397
303 719 -0.08333333441964275
303 937 -0.2916666667811869
303 1190 -0.08333333339872007
303 1343 -0.3035714294487002
303 1422 -0.47727272755253036
303 1480 -0.3083333345745749
303 2116 -0.20833333368963936
303 2254 -0.2202380952727956
303 2585 -0.02083333336439286
303 3093 -0.29166666668517105
303 3186 0.08333333332413428
304 637 -0.1333333334402862
304 1620 -0.26086956528537786
304 2025 0.3333333332630165
305 2929 0.9999999999267714
306 1368 0.9999999999267714
307 229 -0.15000000165374283
307 585 -0.15000000010737335
307 1230 -0.1000000000198129
307 1290 -0.03750000002773124
307 1918 -0.5666666666910516
307 1943 -0.450000000054287
307 2230 -0.0875000002387718
307 2398 -0.233333334006532
307 2676 -0.4000000000064694
307 2782 -0.2705882353952047
308 2930 0.49999999996157996
308 3221 -0.30000000000697513
309 1680 0.9999999999267714
310 1878 0.16666666652998674
310 2936 0.6666666664290715
310 2937 0.49999999973567477
311 413 -0.5238095238135418
311 1253 -0.500000000005361
311 2803 -0.16666666667792018
312 2644 0.3333333333055044
313 964 -1.6895818077955482e-11
313 2984 -0.33333333333916904
314 16 0.27472527432455507
314 373 0.17521367507987995
314 622 0.33333333316790636
314 912 0.1461538457076631
314 1422 -0.6157731169364657
314 1567 0.06787330132366365
314 1605 0.2647058820607813
314 1708 0.3641025618984629
314 1943 -0.19487179494739681
314 2166 0.15384615194897122
314 2596 -6.892200143937544e-10
314 2597 0.02564102557340442
314 2637 0.14529914512952713
315 1124 0.9999999999267714
316 777 -0.5238095238135425
316 2931 -0.3333333333420523
316 2932 0.33333333330550463
317 411 0.1666666666482507
318 717 0.19999999999175533
319 1536 0.04166666593802015
319 2220 0.13333333330082042
319 2646 -0.5729166666971535
320 2962 0.9999999999267714
321 2227 -1.6895818077955482e-11
321 3083 0.49999999996158007
322 1879 0.09999999998832099
323 697 0.49999999972581843
324 3116 0.33333333331549275
325 190 0.41666666662901175
325 3184 0.41666666659884133
326 984 -1.6895818077955482e-11
326 3085 0.49999999996158007
327 1382 0.49999999972581843
328 71 0.7499999999319467
328 660 0.41666666659884133
329 1889 -8.204770196584832e-12
329 2517 -8.204992241189757e-12
329 2618 -0.1666666666799934
330 3184 -0.1666666666799934
330 3206 -1.6896040122560407e-11
331 1083 -0.12500000016829227
331 1278 0.24999999997633593
331 1709 0.4166666664290909
331 2948 0.04166666593802015
332 2259 -0.37500000000433564
332 2921 -0.2500000000086169
333 232 -1.6896040122560407e-11
333 777 -0.3571428571478481
334 1692 0.9999999999267714
335 723 0.41666666659884133
335 1088 0.41666666659884133
336 561 0.19047618990756165
336 876 0.10714285713680005
336 1180 0.14999999968907785
336 1600 0.07142857131499081
336 2580 0.21428571420097553
336 2581 0.19047618990756177
336 3002 0.1428571428407155
337 120 0.7499999999319467
337 1650 0.41666666659884133
338 1227 0.08333333198622506
338 2642 0.41666666659884133
339 96 -0.41666666667373575
339 472 -0.5416666666701513
339 2789 -0.3333333333420525
340 1050 0.49999999996158007
340 2597 -0.4333333333384759
341 1869 0.49999999972581843
342 678 0.49999999996157996
342 3296 -0.2500000000086169
343 1773 0.9999999999267714
344 2238 0.49999999996157996
344 3289 0.49999999996158007
345 1452 0.9999999999267714
346 1663 0.33333333331549264
347 1202 -0.2500000002356457
347 1758 -0.16666666716058187
347 1853 -0.18333333339781133
347 2073 -0.33333333352602246
347 2527 0.33333333326798065
347 2633 -0.1742424243402494
348 399 0.1666666664339418
348 1991 -6.147971021164267e-12
349 2760 0.9999999999267714
350 2399 0.14285714284626683
351 180 0.42499999997033944
351 661 -0.050000000996482497
351 1112 -0.5666666673260403
351 2638 -0.05000000099648272
351 2639 0.4249999985895573
352 1728 -1.6895818077955482e-11
352 3293 0.49999999996158007
353 98 -0.4000000000064694
353 2434 -0.3750000000043361
354 3006 0.49999999972581843
355 1121 0.9999999999267714
356 230 -0.16666666667999364
356 3156 -0.3333333333423367
357 1948 0.24999999998109212
357 2350 0.4166666660949092
357 2351 -5.1305182324767884e-11
359 80 0.4166666666290113
359 3029 0.7499999999319465
360 477 0.9999999999267714
361 1918 -0.055555555886864116
361 2185 -0.6571428571458005
361 2444 0.0749999999436406
361 2649 0.12857142720214554
361 2650 0.03333333323787124
362 2339 -0.2692307694057907
362 2340 0.24999999987545463
363 800 0.49999999972581843
364 149 0.33333333331549275
364 399 -8.797251815906293e-11
364 1991 -0.166666667354048
365 630 -0.16666666667791996
365 1150 0.49999999996158007
366 2061 0.9999999999267714
367 117 0.9999999999267714
368 1199 0.49999999972581843
369 580 0.9999999999267714
370 2157 0.49999999996157996
370 2499 -1.6896040122560407e-11
371 1369 0.2499999997672031
371 1423 -0.33333333334233695
371 1746 0.24999999990910238
371 1981 -0.13888888895456164
371 2463 -0.16666666667506624
371 3071 0.24999999988911348
372 3193 0.05882352939801816
373 314 0.17521367507987995
373 616 0.08888888863672273
373 912 0.4444444439663726
373 1117 0.21367521335003226
373 1605 0.1993464023311945
373 1708 0.27777777774667933
373 2416 0.22222222158817673
373 2490 0.13888888884035888
373 2925 -0.15873015894929088
374 1411 0.1874999998739656
374 2368 0.08333333269612053
374 2790 0.1874999998739656
374 3286 -0.2500000003578984
375 1793 0.9999999999267714
376 2300 0.49999999972581843
377 715 0.10714285711115912
377 2405 0.10714285711115934
378 2767 -0.3000000000069758
378 3272 -0.30000000000697513
379 582 -0.36274509806403055
379 2189 0.04545454508482827
380 2155 0.41666666659884133
380 3188 0.7499999999319464
381 1457 0.24999999963798525
381 2955 0.10714285711115934
382 696 0.24999999998872113
383 989 0.7499999999319465
383 1033 -0.027777778522096508
384 1930 0.9999999999267714
385 1700 0.9999999999267714
386 98 0.09999999998832121
387 2808 0.9999999999267714
388 2254 0.14285714284071538
389 2111 0.49999999996157996
389 2989 -0.16666666667792018
390 871 0.24999999997633604
390 1916 -0.2500000000114524
390 2103 0.24999999997633604
390 2105 -0.2500000000114524
391 2995 0.9999999999267714
392 2316 0.09090909089870935
393 566 0.33333333331549275
394 1879 -0.316666666706684
394 2594 0.3333333332630165
394 2711 -0.08333333355226347
395 2519 -0.1666666680374549
395 2622 -0.3666666666719387
396 153 -0.29166666671154506
396 468 -0.3224637681468694
396 930 -0.04761904775921
396 2217 -0.16666666671173713
396 2519 -0.12500000006147638
396 2887 0.1666666666482507
397 194 0.03571428457938719
397 1522 0.2499999999663971
398 1251 -0.06818181824466052
398 1843 0.24999999997759315
399 348 0.1666666664339418
399 364 -8.797251815906293e-11
399 957 0.33333333330550463
400 862 0.9999999999267714
401 2739 0.19999999999175544
402 603 -2.3692448003487243e-10
402 1414 0.2499999998323844
402 2861 -0.08333333383490382
403 3185 0.33333333331549275
404 208 0.34090909066056707
404 1534 0.21249999964769706
404 1718 0.23214285664675827
404 1896 -0.19642857160612492
404 2703 0.18382352936524082
404 2705 0.43749999968781317
404 2706 0.41071428567844115
404 2966 0.37499999992648114
405 582 -0.43137254910438627
405 1660 0.3749999998725366
405 2179 0.3749999998725366
405 3274 -0.613636363659307
406 1296 0.19999999997925055
407 1364 0.33333333331549275
408 637 0.06666666666038623
409 1341 -8.797074180222353e-11
409 1529 -0.16666666735404778
409 2584 -0.41666666667351837
410 1808 -0.3000000000069758
410 3106 -1.6896040122560407e-11
411 228 -0.25000000003248357
411 317 0.1666666666482507
411 1033 -0.7222222222243293
411 1335 -0.666666666669411
411 1410 -0.3500000004217785
411 2815 -0.10000000004112963
412 2440 -0.2500000000086169
412 3257 -1.6896040122560407e-11
413 311 -0.5238095238135418
413 805 -0.3571428571510269
413 1812 -0.5238095238135427
413 2204 -0.6071428571464845
413 2718 -0.1964285714737135
413 2719 -0.23809523814190015
413 2720 -0.07142857149476312
414 1128 0.14999999988657298
414 1625 -0.46206896575277123
414 1666 -0.5333333333392005
414 2429 0.32499999993958173
414 2565 0.19999999988738326
415 2533 0.9999999999267714
416 273 0.1666666666010399
416 1758 -0.23809523810690592
416 2645 0.24999999983035615
417 915 0.1666666664339418
417 1335 -2.87872170545711e-10
418 1207 0.49999999972581843
419 476 -0.30000000000697513
419 1004 -0.3750000000074958
420 1933 0.16666666665872054
421 1135 -0.3333333340675455
421 1162 -0.250000000083876
421 2275 0.1666666666218134
421 2631 -0.25000000003468426
422 2237 0.2499999999663971
422 2867 0.14999999842844025
423 1756 0.9999999999267714
424 3163 0.49999999972581843
425 171 0.9999999999267714
426 2129 0.9999999999267714
427 840 0.23333333208367169
427 1560 0.2999999999867954
427 1705 0.1999999986354598
427 2114 0.2999999999867955
427 2477 0.02499999937077435
428 773 0.19999999735010066
428 1439 0.17499999986149162
428 1647 0.08333333147709576
428 2264 -0.02500000003845937
428 2404 -0.11363636512698849
428 2405 -0.12500000025085445
428 2625 -0.41250000025074196
428 2626 0.034722222036025596
429 541 -0.48863636368713115
429 1620 -0.4945652174370201
429 2028 -0.08333333334486781
429 2154 -0.41666666667373553
430 1684 -1.6895818077955482e-11
430 2844 -0.16666666667792018
431 869 0.12499999995111977
431 1174 0.24999999997633593
431 1268 0.3749999998725363
431 2352 0.12499999908830117
432 2983 0.9999999999267714
433 2829 0.049999999990578914
434 549 -0.3392857146877304
434 1655 -0.46428571429141097
434 2361 -0.04166666786909912
434 2362 0.049999999792883165
435 1019 0.04166666663962304
435 1875 -0.34375000002171463
435 1996 -0.1666666666799934
436 2317 0.9999999999267714
437 2922 0.49999999972581843
438 208 0.28571428564713897
438 1718 0.28571428527785425
438 1896 -0.21428571471377467
438 2703 0.12605042012607326
438 2705 0.49999999996182154
438 2706 0.4999999998349349
438 2966 0.4285714285208547
439 2011 -1.6895818077955482e-11
439 3128 -0.30000000000697513
440 3047 0.33333333331549264
441 1782 -0.3333333333420525
441 2501 -0.3333333333420525
441 2812 -0.3333333333420525
442 2911 0.08333333332144732
443 857 0.666666666480708
443 1828 0.41666666568191857
443 2406 0.41666666568191846
444 1301 -0.12500000001667932
444 2655 -0.3500000003138486
445 509 0.12499999989464661
445 2891 0.24999999987545474
446 2388 0.3333333333055044
447 1184 -1.6896040122560407e-11
447 3286 -0.33333333334233695
448 888 0.49999999996157996
448 1090 0.49999999996158007
449 1543 0.19999999997925044
450 154 -0.633333333344873
450 272 -0.43333333333847635
450 542 -0.13333333336839637
450 882 -0.08333333334421966
450 1020 -0.08333333334422055
450 1532 -0.11666666705433437
450 1561 -0.4000000001131052
450 1817 -0.43333333333847635
450 1915 -0.566666666717405
450 1965 -0.657142857187214
450 2196 -0.4904761907552868
450 2295 -0.0833333333442201
450 2299 -0.6000000000650374
450 2507 -0.6000000004039323
450 2519 -0.49166666668382275
451 1630 -0.1666666666779204
451 2736 -0.300000000006976
452 2214 0.33333333331549275
453 51 -0.12828947373612776
453 807 0.09210526207252989
453 835 -0.17293233084660575
453 887 -0.2938596491605927
453 941 0.09210526207252989
453 1009 -0.3421052633230659
453 1034 -0.09539473695663547
453 1214 -0.013533834618517648
453 1219 0.09210526207252945
453 1422 -0.24029771407102096
453 1599 -0.1710526316949481
453 1644 -0.1688596492339436
453 2053 0.10526315776896122
453 2254 -0.42105263201142273
453 2475 -0.15350877323616152
453 2667 -0.07894736854669682
453 2782 -0.047987616699748825
453 2784 -0.03508771937142985
453 2786 0.11184210523501725
454 2828 0.09090909089870935
455 1656 0.24999999997633593
455 1684 -0.2500000000086169
455 1992 -0.6590909090935941
455 3017 -0.6250000000033313
456 1592 0.9999999999267714
457 1438 0.49999999972581843
458 2233 0.1666666664339418
458 2358 -7.676395075151277e-10
459 2099 0.49999999972581843
460 992 -0.416666666673736
460 1751 -0.12500000000562794
460 3030 -4.859834756842929e-10
460 3263 0.24999999997759326
461 1508 0.9999999999267714
462 476 0.19999999997925055
463 2539 -1.6895818077955482e-11
463 2540 0.49999999996158007
464 1758 -1.230913149186108e-10
464 1853 -0.10000000008547705
465 159 0.24999999998872113
465 2153 -0.1250000001798799
465 2345 -0.20833333335329618
465 2973 -0.29166666669269303
466 936 0.08333333277567534
466 2174 -0.11458333599532433
466 3138 -4.557789701209458e-10
467 4 0.9999999999267714
468 138 -0.207729468654674
468 273 -0.404347826198304
468 298 -0.36956521768666706
468 396 -0.3224637681468694
468 680 -0.09420289863553033
468 768 -0.3641304362079363
468 930 -0.1490683232241572
468 968 -0.6658615137246942
468 982 -0.3641304349753993
468 1097 -0.6681922197300725
468 1251 -0.5296442695083259
468 1362 -0.5579710145173831
468 1473 -0.5362318840910785
468 1665 -0.46086956641316457
468 1736 -0.23913043575599335
468 1853 -0.5021739131178071
468 2089 -0.3391304348103361
468 2196 -0.3183229814520141
468 2217 -0.11231884075536769
468 2299 -0.40217391467248165
468 2622 -0.5478260869831413
468 2718 -0.45108695669964183
468 2719 -0.32608695760659945
469 1101 0.49999999996157996
469 1478 -1.6896040122560407e-11
470 1982 0.9999999999267714
471 1676 0.32499999990061545
471 2314 -0.12500000003867862
471 2554 -0.02500000010958936
471 2588 0.4999999992050884
472 110 0.062499999940295536
472 339 -0.5416666666701513
472 541 -0.24431818183286125
472 703 -3.679803128875392e-10
472 780 0.12499999998532452
472 1704 0.06249999990067512
472 2269 -0.008928571484889902
472 3274 -0.14204545473045616
473 843 -0.2500000000258964
473 1808 -0.06666666673512878
473 2524 0.3333333326836371
474 3055 0.49999999996157996
474 3056 -1.6896040122560407e-11
475 3295 0.24999999998872147
476 419 -0.30000000000697513
476 462 0.19999999997925055
476 1247 -0.10000000000487619
476 2203 0.19999999997925055
476 3046 -0.6750000000539678
477 360 0.9999999999267714
478 3046 0.062499999990653254
479 3105 0.9999999999267714
480 571 0.9999999999267714
481 2236 0.9999999999267714
482 830 0.16666666664825036
482 833 0.16666666664825058
482 1076 -0.08333333338222682
482 3156 -0.5833333333373449
482 3272 -0.4500000000143507
482 3276 -0.5000000000053608
483 1585 -0.31818181819993185
483 2020 -4.557789701209458e-10
483 2624 -0.1666666666799934
484 1210 0.41666666659884133
484 1531 0.08333333198622506
485 1052 0.14999999997369873
485 2752 0.7499999999319464
486 1 -0.5000000000036962
486 509 0.024999999035604126
486 1097 -0.5921052632595747
486 1115 -0.2000000000923332
486 1202 -0.4375000000606297
486 1362 -0.10000000018412303
486 1570 0.09999999985053276
486 2356 -0.1500000005189317
486 2891 -0.05000000002560223
486 3228 -0.375000000222087
487 57 -0.33333333333916926
487 734 -0.1666666669088006
487 837 -0.33333333334233695
487 1140 0.16666666664825058
487 1651 -0.1666666669088004
487 2108 -0.3333333333423367
488 667 0.09090909089870924
489 582 0.019607843066601793
490 1394 0.49999999996157996
490 2858 0.49999999996158007
491 170 -0.07142857158398797
491 881 0.024999999980589216
491 2228 -0.04166666677099995
491 2994 -0.12500000007701528
492 229 -0.10000000021512245
492 755 -0.33134920705315873
492 1012 0.027777776989445724
492 1034 -0.01736111233476767
492 1422 -0.3131313152903985
492 1644 0.027777777259190062
492 2181 -0.2333333333705332
492 2404 -0.44949494951517743
492 2632 -0.2777777777993675
493 51 -0.125000001056633
493 303 -0.2916666669588397
493 1214 -0.38571428573772804
493 2151 -0.2500000000114524
494 637 -0.1333333335853344
494 1620 -0.2608695652853785
494 2025 0.3333333332630164
495 1262 0.24999999975134757
495 1422 -0.4696969697121054
496 861 0.33333333331549275
497 73 0.12499999887465874
497 1779 0.24999999960648822
497 2974 0.12499999907602422
497 2975 0.12499999995111988
498 2652 0.49999999972581843
499 886 -0.40000000000646896
499 2274 0.49999999996158007
