0 633 -6.671418972814536e-11
0 1862 0.24999999996987854
0 2582 0.1666666665323031
1 2 -0.46666666667226475
1 652 -0.1666666666799934
1 654 0.33333333330550463
2 1 -0.46666666667226475
2 332 -0.40000000052127227
2 1454 0.19999999997925055
2 1666 -0.5500000000301748
2 1986 -0.7615384616442549
3 2544 0.9999999999267714
4 1016 0.09999999998267428
4 1256 0.3374999993557549
4 1761 -0.1714285715461985
4 2175 0.39999999850895307
4 2176 0.18749999951772578
5 1629 0.16666666653230222
5 1659 0.41666666662901164
5 2546 -0.41666666667351837
6 373 -6.866507362701668e-12
6 1042 -0.1739130435164582
6 1416 -0.29166666668468233
6 1602 -0.2000000006534146
7 208 0.9999999999267714
8 269 -0.36666666672596326
8 281 -0.4166666667139507
8 1996 -0.46666666667226453
9 723 0.7499999999319467
9 2614 0.14999999997369906
10 476 -0.3000000000069758
10 2545 0.49999999996158007
11 1655 -0.08333333341354932
11 1839 0.08333333329885384
12 1001 0.3749999998725356
12 1318 0.45833333247936536
12 2661 0.3749999998725364
12 2662 0.45833333247936536
13 1701 -0.4256756756814235
13 1810 -0.39772727290034826
14 158 -0.10000000002152754
14 2034 -0.6500000000075947
14 2075 -0.050000000049249316
14 2077 -0.06666666708460967
14 2668 -0.10000000148736854
15 1090 0.3035714280311972
15 1093 0.41666666661631346
15 1271 0.44999999994048767
15 2367 -0.01785714292378282
16 970 -0.25000000007913736
16 1632 0.0833333329696172
16 2444 -0.4583333333365005
16 2642 -9.676823786719524e-10
17 24 -0.4142857143014953
17 927 0.2666666665389468
17 1315 0.14999999864573432
17 1316 0.19999999981949124
17 2140 0.29999999995349524
18 139 -0.38750000014470465
18 1560 -0.2000000000618758
18 1786 -0.3666666666834766
18 2082 -0.10000000001762133
18 2145 -0.5500000000047176
19 1939 0.49999999972581843
20 1072 -0.7666666666719955
20 2269 -0.3428571430875573
20 2270 -0.10000000003052634
20 2374 0.19999999997925044
20 2375 -0.12500000002632516
21 1043 -1.6895818077955482e-11
21 2310 -1.6896040122560407e-11
22 39 -0.6571428571455071
22 1234 0.19999999975376337
22 1702 -4.6286330324107894e-10
22 1703 -0.13529411765720178
22 2238 -0.28181818225920763
23 2159 0.33333333331549275
24 17 -0.4142857143014953
24 201 -0.2142857143889061
24 598 -0.45021645024306656
24 1636 0.3714285703575907
24 1701 -0.5415057926266884
24 2139 0.17857142853027763
24 2141 -0.01785714358120205
25 1301 -0.5833333333371755
25 1344 -0.2500000004350529
25 2011 -0.29166666669269325
25 2317 -0.1666666666942993
26 99 0.4499999999100279
26 122 0.4749999999506098
26 123 0.27499999966954813
26 2454 0.3999999997457785
26 2455 0.47499999995060993
27 606 -0.2083333333502273
27 1810 -0.7159090909254626
27 2360 0.2499999993074632
27 2578 0.3749999998725364
28 1687 0.24999999998872113
29 963 -0.18421052632625634
29 2645 0.24999999997796252
30 697 0.08333333324554404
30 738 -0.10000000041270884
30 1358 -0.8273809523872317
30 1416 -0.6111111113109151
30 2162 -0.01666666692625518
30 2343 -0.08333333354478967
31 1594 0.9999999999267714
32 279 -0.4166666668728365
32 518 -4.673219589079736e-10
32 1850 -0.2500000000153859
32 1973 -0.5833333334163271
33 286 0.05555555548849733
33 588 -1.2536736093693435e-09
33 698 -0.06666666676784105
33 911 -0.4222222224228893
33 1051 -0.05555555563935122
33 2040 -0.16666666684537157
33 2119 -0.3888888888958264
33 2120 -0.17777777827674734
33 2121 -0.277777777868776
34 1358 0.005952380951981251
35 895 0.36666666663608805
35 1296 0.1041666665689317
35 1913 0.4999999983778427
36 1146 -0.3125000015861392
36 1505 -0.20192307720726665
36 1552 -0.21250000121839796
36 1640 -0.25000000004337464
36 1781 -0.13750000143391095
36 2094 -0.18750000025031643
36 2106 -9.347236318291152e-10
36 2107 -4.8942405683760626e-11
37 60 -0.33333333334205273
37 1190 -0.3333333333420525
37 2427 -0.3333333333420525
38 429 -0.43750000040484327
38 862 0.12499999881864277
38 863 0.1999999999527885
38 1160 0.08333333331510528
39 22 -0.6571428571455071
39 1349 -0.33928571435219657
39 1522 -0.5238095238143969
39 1532 -0.3571428571510269
39 1634 -0.46428571429668564
39 1965 -0.35714285715102734
39 2357 -0.6571428571458
40 507 -0.6111111111125482
40 866 -0.1666666666799934
40 1364 0.33333333330550463
41 175 0.05357142855147079
41 596 0.2916666664567179
41 644 -0.20833333345285743
41 1914 -0.3709677421505173
42 87 -0.16666666667791996
42 1372 -1.6896040122560407e-11
43 152 -0.12500000006586642
43 963 -0.2456140354245846
43 1530 -0.15000000003093117
43 1653 -0.20000000149693964
43 2399 0.016666664794820152
43 2400 0.16666666662786367
44 1582 0.3333333333055044
44 2624 0.4166666666290113
44 2701 0.41666666662901186
45 733 -0.5603448275960989
45 1219 -0.4166666667732355
45 1986 -0.78717948725169
45 2303 -0.16666666670099684
45 2667 -0.3333333333476838
45 2668 -0.2833333336474375
46 1604 -0.1250000000166791
46 2366 0.08333333331840653
47 163 0.49999999996157996
47 1579 -0.300000000006976
48 598 -0.8434343434533771
48 714 -0.555555555559688
48 1031 -0.22222222228369248
48 1662 -0.3472222222759971
48 1666 -0.47222222225977184
48 2041 -0.3472222223990089
48 2205 -0.22222222228369226
48 2206 -0.2777777788541149
48 2471 -0.27777777778487955
49 1666 -0.25000000039307624
49 2034 -0.46250000000354397
50 1441 0.043478260861583795
51 457 -3.929701009042219e-11
51 710 0.12499999996820732
51 1392 0.08333333323039338
51 2213 0.08333333327578929
51 2214 -0.08333333335322246
51 2215 -0.08333333408755261
52 1139 0.09999999994971653
52 1467 0.24999999993888955
52 2053 0.14999999864573488
52 2172 0.299999999876188
52 2182 -0.389473684248953
53 1103 -0.04901960785802473
53 1358 -0.2767857146552093
53 1739 0.055555555232769116
54 401 -0.3333333333391688
54 767 -0.2500000000086169
55 60 -0.5416666666931231
55 210 -0.6000000005728663
55 323 -0.45000000031731946
55 651 -0.6488095239747032
55 771 -0.3750000000820366
55 787 -0.4583333333861028
55 815 -0.6666666668646521
55 1079 -0.45833333336766513
55 1156 -0.2500000000160414
55 1983 -0.37500000003315526
55 2020 -0.08333333376811725
55 2021 -0.5500000000191521
56 412 0.49999999995870326
56 447 0.24999999983392684
56 1616 0.06944444443531961
56 1849 0.19642857087717958
57 2418 0.1666666666587202
58 1715 0.33333333331549264
59 105 -0.25000000002194156
59 580 -0.4000000000228654
59 609 -0.3875000000503406
59 615 -0.30000000000661853
59 1067 -0.4857142857276875
59 1287 -0.35000000128705255
59 1358 -0.5869047619432504
59 1627 -0.3000000000588985
59 1725 -0.44375000046180957
59 2651 -0.2500000000123379
60 37 -0.33333333334205273
60 55 -0.5416666666931231
60 1527 -0.4791666666892127
61 1080 -0.21428571446609967
61 1309 -0.7375000000012109
61 1416 -0.6333333334290434
61 2162 -0.10000000006593246
61 2312 -0.3000000000100629
62 485 0.24999999998872147
63 1322 0.49999999972581843
64 1209 0.3333333332182771
64 1737 0.24999999996762845
64 2616 0.49999999973567477
65 239 -0.35384615530328456
65 543 -0.4000000000064696
65 619 0.049999999973339926
65 771 -0.2500000000928282
65 1156 -0.2500000000928284
65 1293 -0.1500000002919628
65 1628 -0.652941176482964
65 2021 0.19999999955534953
65 2418 -0.1166666678435424
65 2419 -0.5000000003721794
66 2631 0.9999999999267714
67 282 0.16666666665816277
67 540 -0.20000000003541807
67 2628 0.33333333330550463
68 391 0.1666666663729559
68 1358 -0.6279761906583021
68 1986 -0.4384615385378492
69 604 -0.07142857147336645
69 1013 -0.6680672269676386
69 1351 -0.36428571441516433
69 1914 -0.3617511528376234
69 1920 -0.15476190570517767
69 1926 -0.2857142857523429
69 2189 -0.30952381019045605
70 441 -0.06818181824466052
70 2184 0.7499999999319464
71 206 0.4166666666290113
71 1986 -0.651282051299527
71 2691 0.41666666662901186
72 1103 0.0882352935381211
72 1358 -0.21130952386724866
73 449 -0.5416666666886136
73 558 -0.2666666667728328
73 797 -0.16666666670971808
73 876 -0.33333333354692485
73 1035 -0.36309523820244305
73 1136 -0.20833333345291405
73 1189 0.07499999795850065
73 1214 -0.2916666667007619
73 1358 -0.5833333334381505
73 1723 -0.37500000001767786
73 1745 -0.19642857162716476
73 1751 -0.2500000000235496
74 544 -0.5347222223741472
74 586 -0.36666666668330805
74 1042 -0.362318840693038
74 1118 0.19444444437574304
74 1416 -0.555555556517719
74 1517 0.08333333330213133
74 2052 0.05555555534837131
74 2155 -0.5718954248612125
74 2419 -0.4722222223466581
75 84 0.21666666492394127
75 583 0.33333333329964465
75 2222 0.33333333329964476
75 2223 0.29166666658214313
75 2224 0.4166666661503925
75 2225 0.38333333323295404
76 88 -0.2777777778658579
76 2018 -0.14285714289469031
76 2178 -3.815125992900903e-11
77 659 0.49999999988341715
77 1803 0.37499999990969013
78 1219 -5.745910414134414e-10
78 1329 -1.2995227116618935e-10
78 1418 0.33333333330550463
79 603 -0.35714285714784744
79 2097 -0.2500000000086169
80 257 -0.4166666666735179
80 1117 -0.2916666672160928
80 2049 -7.008615909853688e-12
81 347 0.124999999829421
81 423 0.29999999992471127
81 527 0.37499999987253696
81 2180 -0.20000000076507995
82 1138 -1.2504175472827228e-10
82 1634 -0.2500000003930758
83 1520 -0.2500000000086169
83 2581 -1.6896040122560407e-11
84 75 0.21666666492394127
84 284 0.29999999996991744
84 2223 0.4749999999506098
84 2224 0.29999999996106763
84 2226 0.3999999997457786
85 1065 -0.5238095238135425
85 2487 0.3333333333055044
85 2488 0.33333333330550463
86 429 -0.4687500000535596
86 1336 -0.37500000026684543
86 2034 -0.42500000001002625
86 2295 -0.42500000000632965
87 42 -0.16666666667791996
87 842 -0.4166666666735177
87 2164 -0.3333333333420525
88 76 -0.2777777778658579
88 130 -0.402777777824058
88 162 -0.5750000005032867
88 300 -0.30555555557566283
88 415 -0.3273809524656983
88 498 -0.6250000005559861
88 696 -0.6805555555780947
88 737 -0.5456349206563775
88 743 -0.777777777832833
88 815 -0.37500000006058554
88 841 -0.47222222223553856
88 851 -0.12500000017037105
88 1174 -0.26388888903035457
88 1288 -0.09722222224221477
88 1309 -0.36111111125613315
88 1394 -0.5555555555886726
88 1494 -0.5833333333567567
88 1527 -0.6944444445512186
88 1658 -0.3055555555795977
88 1677 -0.22222222224456023
88 1713 -0.6527777778127457
88 1732 -0.6750000001678256
88 1741 -0.4166666667375254
88 1847 -0.2777777784409121
88 1882 -0.5583333333764013
88 1908 -0.5178571428727909
88 2010 -0.5694444444519589
88 2011 -0.6250000000072808
88 2012 -0.4722222222355392
88 2013 -0.41666666667668495
88 2014 -0.05555555562533354
88 2015 -0.2916666674985082
88 2016 -0.5750000004826512
88 2017 -0.48888888898275895
88 2178 -0.2896825406146719
88 2394 -0.7777777777977162
89 258 -0.22142857145060257
89 884 -0.2500000000144198
89 1087 -0.2500000000144196
89 1094 -0.03333333337268707
89 1157 -0.05000000048951625
89 1401 -0.20000000118508998
89 1530 -0.2000000014815373
89 1585 0.06666666653555531
89 1653 -1.8913295374289874e-09
89 2463 -0.37500000010077295
90 155 0.35714285709329907
90 156 0.4166666666217842
90 817 0.12499999997070144
90 1358 -0.4702380952400933
91 330 -0.08333333380383667
91 1046 -0.5500000002833105
91 2001 -0.32291666669841956
91 2122 -0.4166666666840495
91 2123 0.3333333332685816
91 2380 0.249999999978208
92 898 0.24999999996639688
92 1836 0.7499999999319464
93 550 0.24999999997633604
93 950 -0.16666666667035868
93 1495 -0.16666666667035845
93 2151 -0.416666666673736
94 195 -0.40909090909697854
94 586 -0.7090909090926723
94 675 -0.13636363637112092
94 733 -0.8573667712320447
94 934 -0.13636363637112026
94 1649 0.09090909089870913
94 1966 -0.7840909092468629
94 2263 -0.3181818181999314
94 2355 -0.13636363648289462
94 2357 -0.33636363645184986
94 2490 -0.06818181866077322
95 334 -0.3571428571632642
95 456 -0.2928571432306606
95 693 -0.5809523810019304
95 734 -0.3928571429619292
95 736 -0.46666666681386704
95 861 -0.7023809523825624
95 1303 -0.7523809523822156
95 1535 -0.7857142857153088
95 1580 -0.3452380955015262
95 1602 -0.41904761974280746
95 1628 -0.49019607922637576
95 1838 -0.38690476200428736
95 2054 -0.2857142858359638
95 2074 -0.23809523846563896
95 2181 -0.2529761923611282
95 2182 -0.5325814544480716
95 2183 -0.2857142860736841
95 2197 -0.36904761910435324
95 2199 -0.3904761906338181
95 2200 -0.1428571428901162
95 2201 -0.33333333335551707
96 2217 0.19999999999175533
97 661 -0.1250000001152971
97 1353 0.7499999999319464
98 1521 0.49999999972581843
99 26 0.4499999999100279
99 122 0.374999998755852
99 123 0.3749999998694007
99 2454 0.33333333101663476
99 2455 0.4166666666111153
99 2604 -0.08333333335290005
100 1602 -0.2500000000144196
100 2056 -0.1875000000144995
101 281 -0.5416666666711372
101 1358 -0.6458333334047799
101 1589 -1.2995338138921397e-10
102 109 -0.46875000078605433
102 1251 -0.02500000056128937
102 1448 -0.20000000004062124
102 1561 0.062499999972982945
102 1623 -0.49107142954590555
102 1871 -0.43750000168269687
102 1878 -0.1875000000489404
102 2256 -9.347234097845103e-10
103 139 -0.1875000000282292
103 306 -0.4230769231963851
103 484 -0.1666666668517378
103 608 -0.05000000002329763
103 1775 0.16666666663263785
103 1790 -0.5000000000053606
104 401 -0.20833333335375004
104 864 0.45833333247936536
104 1065 -0.017857142923132452
104 2210 0.3749999998725364
105 59 -0.25000000002194156
105 1721 -0.18750000052113136
105 2476 0.05357142750191668
105 2651 0.45833333247936525
106 2461 0.9999999999267714
107 541 -0.37500000010499823
107 971 0.37499999987253707
107 1113 0.3749999998725366
107 1650 0.4999999992422861
108 1647 0.2916666666412936
108 2157 -0.2000000000733857
108 2209 0.1666666666566503
109 102 -0.46875000078605433
109 124 -0.45312500023111313
109 133 -0.29687500008410805
109 153 -0.046875000079057205
109 176 -0.39062500003118794
109 236 -0.3522727274076616
109 289 -0.5572916666891152
109 306 -0.3577724361397032
109 318 -0.2343750000096385
109 426 -0.1875000004378402
109 459 -0.28125000016407853
109 519 -0.4218750000399625
109 563 -0.23437500004704415
109 610 -0.8258928571470867
109 1045 -0.4218750007817704
109 1337 -0.2343750000096383
109 1346 -0.23437500058475647
109 1624 -0.42279411801944833
109 1661 -0.5312500013131696
109 1769 -0.46875000095291974
109 1772 -0.2031250018895563
109 1779 -0.28125000030510394
109 1785 -0.6062500000105793
109 1787 -0.2447916686957654
109 1789 -0.45937500010240706
109 1805 -0.20937500104348028
109 1998 -0.5937500000645113
109 2045 -0.23437500387156773
109 2092 0.031249999935466177
109 2093 -0.6197916666729986
109 2094 -0.6406250003495277
109 2095 -0.7687500000029288
110 567 -0.34285714290661296
110 1161 0.19999999997925055
110 1262 -0.2833333335309274
110 1599 -0.4666666667031545
110 2279 -0.46666666667263024
111 758 0.3749999984342217
111 1169 -0.2644927542746569
111 1358 -0.48809523810025435
111 1762 0.24999999976945697
111 2492 0.0999999999631398
111 2643 0.1666666666482507
112 306 -0.17628205149924825
112 487 0.12499999996086042
112 1623 -0.24404761910711237
112 2080 0.14999999997358404
113 540 -1.3469025894607967e-10
113 747 -4.557789701209458e-10
113 1884 -0.41666666668456376
114 610 -0.14285714300576968
114 2288 0.1666666666566502
114 2506 0.33333333330550463
115 973 0.058823529401160535
116 1076 0.49999999996157996
116 1501 -0.3571428571478481
117 259 0.7499999999319467
117 2537 0.7499999999319464
118 255 -0.23684210545865403
118 388 -0.6140350877216636
118 446 -0.2894736842871144
118 454 -0.6411483254125458
118 554 -0.5087719298667503
118 581 -0.42982456145015235
118 842 -0.6184210529543748
118 1029 -0.14473684210943993
118 1343 -0.32706766930049813
118 1507 -0.35087719303480114
118 1538 -0.7697368423326996
118 1616 -0.6491228072819348
118 1690 -0.09210526317284273
118 1851 -0.6228070175803684
118 2010 -0.6184210527906073
118 2030 -0.26315789483906116
118 2112 -0.2412280704777694
118 2165 -0.3421052631793464
118 2166 -0.14473684210943993
119 379 -0.3333333338840949
119 646 0.16666666664825047
119 1537 -0.5000000000053606
119 1549 -0.1666666669088006
119 1901 -0.33333333385705344
119 1959 -0.3666666668141172
120 483 0.274999999710827
120 514 -0.500000000133904
120 816 0.1999999996392342
120 1842 -0.15000000011592673
120 2405 0.12857142848317504
121 589 -0.017857143835275036
121 802 -0.3571428571510269
121 980 -0.2678571430246397
121 1158 -0.14285714288467521
121 1910 -0.35714285715102667
121 2251 0.16666666637524707
121 2252 0.16666666637524763
122 26 0.4749999999506098
122 99 0.374999998755852
122 2454 0.49999999995870326
122 2455 0.37499999939887196
123 26 0.27499999966954813
123 99 0.3749999998694007
123 2455 0.37499999907912196
123 2604 0.04166666653121898
124 109 -0.45312500023111313
124 306 -0.465384615591629
124 1367 -0.35000000002924625
124 1622 -0.45000000008074115
124 2478 0.19999999997925055
125 458 -0.08333333369657403
125 2363 0.4999999999545762
126 236 0.06818181759010378
126 306 -0.2564102564998969
126 1551 0.2499999998260084
126 1623 -0.33333333339473215
126 2045 -0.27083333338411797
126 2079 0.16666666661725904
127 2604 0.33333333330550463
128 233 0.24999999997633593
128 370 -0.05000000003465477
128 392 -0.16666666675755026
128 2270 -0.16666666676483466
129 441 -0.409090909096979
129 701 -0.2500000000086169
130 88 -0.402777777824058
130 1982 -7.008615909853688e-12
130 2017 -0.033333333624678385
131 834 0.24999999997190703
131 2169 0.09999999991076225
132 379 0.18333333330218293
132 479 -0.3000000000100629
132 904 -7.077427532919955e-11
132 1022 -0.3250000005388336
132 1959 0.09999999911275315
133 109 -0.29687500008410805
133 399 -0.4777777777890735
133 452 -0.0972222222739274
133 1623 -0.349206349242678
133 1670 -0.24444444450811842
133 1777 -0.15555555563493106
133 1784 -0.1111111111826999
133 2045 -0.3611111126048103
133 2082 -0.2777777777879711
134 406 0.24999999998872113
135 137 0.3749999989997188
135 2095 0.1333333321289708
135 2144 0.24999999906556059
136 831 0.14285714284626716
137 135 0.3749999989997188
137 2144 0.3333333333093613
137 2329 -0.04166666700913546
137 2504 0.3749999998282636
138 236 0.10606060477345713
138 306 -0.25641025644441506
138 1776 -0.20833333465936965
139 18 -0.38750000014470465
139 103 -0.1875000000282292
139 306 -0.3750000003765426
139 660 0.12499999996082534
139 910 -0.08333333518460995
139 1623 -0.1994047619549575
139 1780 -0.06250000031413494
139 2045 -0.4531250002830256
140 582 -3.065547815594982e-11
140 623 -7.661653533830304e-10
141 740 0.33333333321827696
141 1002 0.24999999996762856
141 2034 -0.43750000001831935
142 456 -0.2000000002557547
142 525 -0.13333333341675413
142 1628 -0.28823529505039613
142 2049 -0.20000000000842344
142 2181 -0.20000000063344747
143 316 -0.03333333335826483
143 598 -0.04545454556026418
143 1701 -0.46396396397776973
144 145 0.2499999998239908
144 213 0.6249999992824258
144 1593 0.3499999997819261
144 2192 0.12499999980126175
145 144 0.2499999998239908
145 213 0.24999999980086351
145 537 0.11666666612200338
145 1165 0.24999999997820788
145 1593 0.43333333124625006
145 2622 0.1666666666482507
146 897 -0.3250000001013835
146 1468 -0.2666666680348442
146 1907 -0.287500000536526
146 1927 -0.36923076929256404
146 2059 -0.16666666669464947
147 1519 -0.35714285714784744
147 1976 -0.16666666667792018
148 378 0.14999999842844025
148 381 -0.10000000032682643
148 602 0.14999999842844036
148 714 -0.466666666672265
148 2518 -0.3857142857814464
149 1080 -0.41071428642737895
149 1416 -0.555555555849379
149 1655 -0.6250000000203852
149 2025 -0.5416666666904668
150 310 -0.46078431377194673
150 914 0.33333333329570536
150 1942 0.1666666666336567
151 1986 -0.7038461538789735
151 2236 -0.25000000001405165
151 2238 -0.35227272736323867
151 2335 -0.41666666675764286
152 43 -0.12500000006586642
152 884 -1.3026535405913364e-10
152 2238 -0.35227272761857464
152 2240 0.035714283642484856
153 109 -0.046875000079057205
153 236 -0.015151515170636065
153 306 -0.22435897440508024
153 459 0.04166666665684693
153 1623 -0.17857143035385903
153 2045 -0.12500000014431412
154 326 0.08333333326337378
154 364 -0.47348484878896024
154 819 -0.2916666667338721
154 1238 0.12499999997077793
154 1339 0.04166666664338148
154 1358 -0.4196428571958404
154 1444 -0.3750000000980662
154 1568 -0.12500000009571433
154 1752 0.08333333326337411
154 1753 0.04166666664338148
154 1754 0.04166666665536711
154 2525 -0.37500000029395686
155 90 0.35714285709329907
155 156 0.4761904754648547
155 817 0.05357142854156305
155 1358 -0.5416666666676484
155 1689 0.21428571423902965
155 1736 0.3392857141483696
155 1763 0.39999999866070657
156 90 0.4166666666217842
156 155 0.4761904754648547
156 817 0.04166666501315375
156 1358 -0.5535714285763593
156 1689 0.2499999993080696
156 1763 0.31666666627384565
157 598 -0.29924242473890605
157 1701 -0.4358108108374006
157 1870 0.24999999930746386
157 2493 -0.3750000001743301
158 14 -0.10000000002152754
158 180 -0.2750000000472468
158 1701 -0.7027027028305943
158 2034 -0.4375000000164826
159 180 -0.3000000000066183
159 2308 -0.12500000001667932
160 277 -0.3142857142969051
160 553 0.11607142725811859
160 743 -0.14285714320773346
160 745 0.21428571267269947
160 1986 -0.4483516486153982
160 2000 -0.2857142859287334
160 2009 0.15714285698323704
161 842 0.24999999975134746
161 2010 0.2499999999764564
162 88 -0.5750000005032867
162 323 -0.3000000000653693
162 1174 -0.266666666699402
162 1268 -0.46666666667263046
162 1667 -0.36666666668347636
163 47 0.49999999996157996
164 210 -0.4000000000064694
164 211 -0.3000000000069756
165 598 -0.4090909090950474
165 1473 0.6249999993755955
165 2706 0.24999999983392696
165 2707 0.6249999993755966
166 271 -0.30000000000697535
166 2617 0.49999999996158007
167 168 -6.866507362701668e-12
167 1056 0.24999999997759315
167 2437 -6.866729407306593e-12
167 2482 0.24999999997759348
168 167 -6.866507362701668e-12
168 2437 0.6666666664290715
168 2438 0.49999999973567477
169 1994 -1.6896040122560407e-11
169 2706 -0.25000000001145284
170 1067 -0.03571428590894099
170 1358 -0.4672619048443718
171 775 -5.745910414134414e-10
171 790 0.0999999997894605
171 1548 0.41666666662901186
172 240 0.4999999971194955
172 512 0.4999999971194957
172 756 0.1545454545249636
172 1692 -0.05789473762921715
172 2187 0.39999999986888624
173 687 -0.016666667841694238
173 1033 0.3333333332831938
173 1358 -0.5952380952470953
173 1586 0.3333333332831939
174 629 -0.2916666671092676
174 1358 -0.5654761905001979
174 1742 -0.3666666667006935
174 2334 0.12499999981491039
175 41 0.05357142855147079
175 596 -0.15476190478637686
175 955 -0.11904761905875039
175 1914 -0.41013824886811623
175 2135 -0.45238095239434517
175 2217 -0.514285714515017
175 2388 -0.29761904771308134
176 109 -0.39062500003118794
176 231 -0.4444444444746054
176 973 -0.49019607846255453
177 726 -0.2500000011167418
177 1639 0.16666666664756713
177 2679 0.19999999995598927
177 2682 0.3749999998725364
178 833 0.11111111109899319
179 197 0.3333333329635053
179 231 -0.05555555625496522
179 1986 -0.5435897436087769
180 158 -0.2750000000472468
180 159 -0.3000000000066183
180 775 -0.2166666666950845
180 790 -0.45000000002124185
180 791 -0.2666666677412437
180 1020 -0.35000000005662746
180 1807 -0.3500000000675334
180 2004 -0.6500000000028665
180 2037 -0.10000000000854836
180 2076 -0.3500000000566277
181 1013 -0.5073529412038653
181 1359 -0.12500000022755864
181 1464 0.12499999912555948
181 1683 -0.12500000003645084
182 183 0.49999999988341703
182 997 0.49999999988341715
183 182 0.49999999988341703
183 997 0.6666666664290715
183 1837 -3.7346126191550866e-11
184 520 0.9999999999267714
185 297 -0.10000000003076503
185 2003 -0.20000000000842344
186 1228 0.24999999975891352
186 1319 -0.33333333334233695
186 1536 0.29166666578544076
186 1672 0.16666666664825058
186 2580 0.041666664709381074
186 2702 0.24999999982600873
187 1208 0.9999999999267714
188 1169 -0.1630434789699824
188 1727 0.3333333332806955
189 564 0.041666666531218866
189 1072 -0.5583333333968545
189 1262 0.2916666661788154
189 1509 0.3749999996077401
190 491 0.49999999996158007
190 2135 -0.1666666666799934
191 382 -0.5000000000053608
191 608 -0.4666666670678825
191 1677 -0.5500000000301752
191 1791 -0.33333333443664404
191 1998 -0.47916666676869624
191 2385 -0.6071428572639426
192 2472 0.1666666666587202
193 441 -0.40909090909697854
193 458 -0.33333333334233695
194 473 -0.5500000000047178
194 1050 -0.45000000011829844
194 1451 0.24999999993888966
194 2564 -5.8484328491204e-10
194 2646 0.19999999997925055
195 94 -0.40909090909697854
195 2424 -1.6896040122560407e-11
196 429 -0.5729166666716745
196 442 -0.25000000008097056
196 2122 -0.1500000012961904
197 179 0.3333333329635053
197 231 -0.27777777780141344
197 2412 -0.16666666672802788
198 1255 0.49999999972581843
199 420 0.7499999999319467
199 1869 -0.050000000056449334
200 1439 0.7499999999319467
200 2676 0.7499999999319464
201 24 -0.2142857143889061
201 297 -0.1714285715811208
201 570 0.03571428457938708
201 598 -0.333333333993036
201 1701 -0.47393822396095553
201 1986 -0.6032967035332772
201 2430 0.03571428457938719
202 353 0.4999999994537164
202 1173 0.4583333324793655
202 1250 -0.025000000302440428
202 1345 0.37499999987253696
203 854 -0.12857142865939064
203 857 0.09999999995466191
203 963 -0.7210526315945143
203 1115 -0.30000000003686633
203 1869 -0.6000000000977994
204 415 0.04761904759222657
205 1701 -0.22297297298216523
205 1869 -0.05000000056114384
206 71 0.4166666666290113
206 2691 0.7499999999319465
207 833 0.11111111109800786
208 7 0.9999999999267714
209 2681 0.19999999999175533
210 55 -0.6000000005728663
210 164 -0.4000000000064694
210 1079 -0.32500000038708077
210 1614 -0.25000000003711387
210 1626 0.09999999998832121
210 1671 -0.4500000011010057
210 1905 -0.2500000000265852
210 1906 -0.45000000026744646
210 1907 -0.5625000000458502
210 2309 -0.7250000000065648
211 164 -0.3000000000069756
211 356 -0.500000000133904
211 1394 -0.20000000003541807
211 1908 -0.485714286153051
211 1909 -0.6333333333364837
212 1290 0.33333333331549275
213 144 0.6249999992824258
213 145 0.24999999980086351
213 1593 0.3499999997819261
213 2192 0.12499999980126164
214 2194 0.19999999999175533
215 1701 -0.3693693696123823
215 1986 -0.4435897444558927
215 2045 -0.3541666671337924
216 1542 -0.38333333364725863
216 1701 -0.46621621623101306
217 243 0.09999999978946039
217 2473 0.249999999146037
217 2474 0.4166666666290114
218 482 -0.5606060606214631
218 733 -0.7884012539256373
218 781 -0.4090909090969783
218 792 -0.6181818182008927
218 1020 -0.43636363644358567
218 1348 -0.4772727272956869
218 1382 -0.6636363636846223
218 2076 -0.4363636364435872
218 2091 -0.39393939395750377
218 2119 -0.40909090909394497
218 2594 -0.4090909090969781
219 507 0.08333333279961719
219 1413 0.10526315748564885
219 1542 -0.01666666669917105
220 376 -0.16666666672802855
220 817 -0.4791666666789265
220 913 0.33333333330550463
221 817 0.12499999998532463
222 821 0.9999999999267714
223 744 0.29166666526059637
223 1154 -0.10606060611297963
223 1761 -0.23809523813833033
224 1810 -0.4090909091037307
224 2034 -0.4000000000126127
225 2255 0.9999999999267714
226 1701 0.01351351351287955
227 534 0.24999999997796252
227 883 0.24999999997796252
228 322 0.19999999997925044
228 848 -0.20000000006187557
228 1358 -0.6672619047892874
228 1721 -0.4125000001008987
228 1871 -0.4500000009753795
229 1053 0.3749999998725363
229 1405 0.3749999989634628
229 1894 -0.21428571432671606
229 2118 0.12499999995111988
230 549 -0.12500000009844525
230 577 -0.7166666666682928
230 1095 -0.36666666674927306
230 1217 -0.3000000000100629
230 1810 -0.5204545455042966
231 176 -0.4444444444746054
231 179 -0.05555555625496522
231 197 -0.27777777780141344
231 232 -0.2666666667161579
231 387 -0.38888888891661644
231 551 -0.33333333366027196
231 1701 -0.6411411411505858
231 1868 -0.3472222226629711
231 2217 -0.6333333334877149
232 231 -0.2666666667161579
232 869 0.1999999988276875
232 1701 -0.2648648652011327
232 1864 0.22499999980765695
232 1986 -0.5923076923558217
233 128 0.24999999997633593
234 610 -0.35714285715102734
234 2591 -1.6896040122560407e-11
235 1701 0.013513513512880437
236 109 -0.3522727274076616
236 126 0.06818181759010378
236 138 0.10606060477345713
236 153 -0.015151515170636065
236 306 -0.22902097908992425
236 1072 -0.5303030303156544
236 1572 -0.011363637801196536
236 2045 -0.23153409108413503
236 2046 -0.118181818458998
236 2078 -0.011363637801196536
236 2079 -0.015151515204069321
237 2539 0.24999999998872113
238 1828 0.24999999998872113
239 65 -0.35384615530328456
239 619 -0.01923076924804934
239 887 -0.5461538462253286
239 910 -0.5961538461559042
239 1069 0.07692307691495326
239 1220 0.07692307691495304
239 1274 0.07692307691495326
239 1376 -0.3974358975162968
239 1759 -0.6730769230793037
239 1909 -0.6410256413788649
239 2021 -0.29230769238859655
239 2182 -0.7408906886248545
239 2418 -0.39743589745246255
240 172 0.4999999971194955
240 512 0.5999999988724298
240 756 0.1545454541768918
240 1472 0.4999999999615513
240 1692 -0.057894737376226635
241 1441 0.04347826083165407
242 279 -0.20833333334085058
242 838 0.3749999983477421
242 1131 -0.33333333345896876
242 2280 0.4749999999578992
243 217 0.09999999978946039
243 473 -0.22500000085229432
243 2474 0.14999999842844025
243 2647 -0.1000000000409702
243 2648 -0.2000000000618758
244 565 -0.20833333344784943
244 1072 -0.47500000005061604
244 1358 -0.5535714285898861
244 1610 -0.07142857149336468
245 782 0.49999999996157996
245 1162 -1.6896040122560407e-11
246 936 -0.10000000001992349
246 1358 -0.6964285714471015
246 1687 -0.2500000002739664
246 2515 0.024999998466392115
247 2583 0.9999999999267714
248 1264 0.3333333330328455
248 1531 0.12499999996736944
248 1964 -0.3666666666703413
249 621 -4.557789701209458e-10
249 1884 -0.5000000000053606
249 1978 -0.10000000006063936
250 2429 0.9999999999267714
251 253 0.28571428503238294
251 507 0.06349206346698244
251 812 0.3999999998853916
251 1300 0.21428571426600884
251 1413 0.0037593980587500297
251 1542 -0.22142857167717356
251 1933 0.35714285706183235
252 711 -0.6388888888912463
252 973 -0.6911764705901691
252 1973 -0.5833333335071766
252 2485 -0.4583333333500508
253 251 0.28571428503238294
253 507 0.0555555534617268
253 1413 0.03508771924298226
254 507 -0.1388888892652529
254 1211 0.7499999999319465
255 118 -0.23684210545865403
255 1266 -0.416666666673736
255 1343 -0.19642857145139692
255 2112 -0.12500000013578783
256 756 0.09090909089870935
257 80 -0.4166666666735179
257 964 -0.1666666675910924
257 1388 -0.1666666675910924
257 2180 -0.35000000271038
258 89 -0.22142857145060257
258 963 -0.3609022556885355
258 1094 -4.0821013236325143e-10
258 1153 0.107142857111159
258 1240 -0.3095238101904543
258 1401 -5.7813531739725477e-11
258 2645 -0.12500000006933787
259 117 0.7499999999319467
259 2537 0.7499999999319465
260 365 0.49999999972581843
261 873 -3.972606688051883e-10
261 1479 0.6249999994587732
261 1701 -0.5439189191017808
261 1894 -0.37500000009070633
262 1351 -0.2000000000619766
262 1464 -0.27777777778487933
263 364 -0.06060606319878059
263 732 0.09999999794049019
263 1103 -0.38235294126823316
264 472 -0.12500000034470804
264 844 0.416666666429091
264 1826 -0.2500000004179923
264 1902 -0.17500000085053768
265 1441 0.04347826083165429
266 578 -0.5000000000056277
266 809 -0.025000000108350573
266 2227 -0.41666666747927184
266 2229 -6.175726596779896e-11
267 670 -0.1666666666799934
267 2000 -0.41666666667373575
267 2373 0.33333333330550463
268 1740 -2.407074539689802e-11
268 2451 0.0681818181187609
269 8 -0.36666666672596326
269 321 -0.46666666667263024
269 418 0.19999999997925055
269 2543 -0.36666666684565796
269 2551 0.19999999997925055
270 279 -0.12500000071738215
270 838 0.29999999996028426
270 1195 0.02499999995416824
270 1215 -0.30000000003644445
270 2280 0.2999999998914171
271 166 -0.30000000000697535
271 638 -0.4142857142958416
271 1970 -0.46666666667263024
271 2387 -0.20000000076402769
271 2498 -0.20000000004271223
272 2012 0.49999999996158007
273 374 0.1071428570696682
273 846 0.49999999988341715
274 748 -0.4090909090939461
274 749 -0.16666666667792018
275 805 -0.1250000000166791
275 1967 0.24999999996658806
276 1463 0.16666666659402896
276 1695 0.6666666664807084
276 2133 0.16666666659402907
277 160 -0.3142857142969051
277 553 -0.2500000000345126
277 696 -0.3500000000414478
277 973 -0.6529411769310203
277 1869 -0.7000000000019229
278 1185 0.14285714284626694
279 32 -0.4166666668728365
279 242 -0.20833333334085058
279 270 -0.12500000071738215
279 304 -0.45833333336766535
279 502 -0.5000000000130262
279 666 -0.41666666668644403
279 838 -0.16666666669136432
279 1195 -0.2916666666816181
279 2165 -0.5833333333367086
279 2280 -0.12500000002011702
279 2344 -0.6666666666691912
279 2423 -0.29166666740469327
280 1535 0.16666666662786334
280 2155 -0.10294117648014378
281 8 -0.4166666667139507
281 101 -0.5416666666711372
281 746 -0.5416666666711372
281 1000 -0.4375000000681233
281 1347 -0.37500000000749556
281 1382 -0.6750000000027008
281 2244 -0.31250000034332737
281 2247 -0.4821428574160389
282 67 0.16666666665816277
282 747 0.12499999963614183
283 1559 0.4999999999545761
283 2250 -3.065592224515967e-11
284 84 0.29999999996991744
284 583 0.2857142850300055
284 2222 0.2857142850300055
284 2223 0.2857142856371
284 2224 0.4910714285364354
284 2225 0.2999999999252557
284 2226 0.2619047618678024
285 502 -0.1666666666799934
285 1999 -0.2500000000086169
286 33 0.05555555548849733
286 442 0.10416666631928373
286 698 0.3666666652046371
287 2705 0.9999999999267714
288 618 0.49999999972581843
289 109 -0.5572916666891152
289 1358 -0.4761904763715914
289 1722 0.1666666665323031
290 328 -0.3000000000635945
290 567 -0.6571428571458007
290 687 -0.3666666666864604
290 1765 -0.611764705959092
290 2359 -0.37272727276682893
291 1692 0.052631578926648714
292 2562 0.49999999972581843
293 2038 0.49999999972581843
294 306 -0.39102564113617255
294 2047 0.4999999999545762
295 1176 0.199999999949382
295 1177 0.24999999997796252
296 732 0.14999999842844058
296 2685 0.2499999999663971
297 185 -0.10000000003076503
297 201 -0.1714285715811208
297 598 -0.5333333333501784
297 899 -0.22500000002357345
297 1542 -0.683333333439484
298 607 -0.3333333333420525
298 1095 -0.1666666667009964
298 1325 -0.1666666667296426
299 1484 0.0999999996025499
299 2383 -0.40000000001859326
299 2386 -0.46666666667263024
299 2387 -0.38333333429997696
299 2498 0.16666666661683827
300 88 -0.30555555557566283
300 415 -0.26190476200651114
300 634 -0.1666666666799934
301 1169 -0.14130434783657764
301 2492 0.24999999993889
302 306 -0.3782051282642733
302 350 -0.1857142863637382
302 719 -0.10000000137677056
302 1158 -0.47777777785952535
302 1253 0.14999999864573443
303 719 -0.16666666736041091
303 1670 -0.20000000002341967
303 2143 -0.12500000007927903
304 279 -0.45833333336766535
304 1172 -0.12500000000562772
304 1857 -0.2916666671092676
304 2423 -0.1250000001798799
305 1416 -0.2777777778036439
305 1927 -0.1923076923451872
306 103 -0.4230769231963851
306 109 -0.3577724361397032
306 112 -0.17628205149924825
306 124 -0.465384615591629
306 126 -0.2564102564998969
306 138 -0.25641025644441506
306 139 -0.3750000003765426
306 153 -0.22435897440508024
306 236 -0.22902097908992425
306 294 -0.39102564113617255
306 302 -0.3782051282642733
306 308 -0.38205128227506413
306 329 -0.4358974361150887
306 350 -0.22710622809263614
306 417 -0.5846153846605167
306 426 -0.3205128213127135
306 452 -0.36858974362682395
306 476 -0.6653846154841359
306 487 -0.27564102653927036
306 519 -0.5416666670659716
306 542 -0.2564102565922328
306 554 -0.6346153846422351
306 573 -0.7230769230881602
306 581 -0.6153846155159532
306 608 -0.2948717948906461
306 655 -0.23076923104823965
306 656 -0.24358974373011932
306 719 -0.4102564103662756
306 887 -0.3358974359379805
306 910 -0.3333333333820099
306 958 -0.20512820535835807
306 973 -0.7888386123799693
306 1009 -0.45512820516074637
306 1045 -0.4910256411195659
306 1072 -0.5307692307969487
306 1158 -0.7564102564820139
306 1193 -0.21794871796151405
306 1245 -0.31666666763325435
306 1251 -0.4243589746639247
306 1346 -0.36538461540932077
306 1367 -0.3500000014496998
306 1483 -0.8222610724319326
306 1490 -0.4358974360992822
306 1551 -0.21153846155522715
306 1572 -0.3974358974544694
306 1584 -0.24358974379877152
306 1640 -0.3846153847963889
306 1651 -0.3974358974548051
306 1656 -0.24358974379877063
306 1705 -0.49542124544870236
306 1770 -0.19551282080551835
306 1771 -0.24358974431563274
306 1772 -0.21955128224513154
306 1775 -0.205128206658594
306 1779 -0.3653846154175231
306 1781 -0.4564102565953738
306 1782 -0.2083333339392892
306 1787 -0.3782051282721526
306 1797 -0.4974358975030402
306 1798 -0.22756410288773088
306 1799 -0.5032051282376837
306 1802 -0.3397435902796193
306 1804 -0.6038461540839035
306 1805 -0.21410256572934983
306 1856 -0.5141025643173658
306 2045 -0.33854166672006514
306 2046 -0.2564102565841071
306 2048 -0.22435897460555387
306 2078 -0.3974358974544687
306 2080 -0.37692307747245457
306 2084 -0.3846153850946268
306 2085 -0.2717948718613157
306 2086 -0.5512820517921209
306 2087 -0.44230769234684053
306 2088 -0.2179487179615136
306 2089 -0.2307692309441738
306 2090 -0.3782051282186578
306 2091 -0.6538461538659806
307 991 0.9999999999267714
308 306 -0.38205128227506413
308 350 -0.28571428582040426
308 1253 0.14999999972885714
308 1670 -0.1000000000639849
308 2045 -0.3718750008642051
309 383 0.12499999996736944
309 2268 0.08333333331948367
309 2305 -0.16666666672667096
310 150 -0.46078431377194673
310 352 -0.2941176470980118
310 875 -0.1941176470871262
310 892 0.08823529409010433
310 990 -0.3529411766461179
310 1241 -0.2450980392337656
310 1272 0.0441176470114949
310 1331 -0.43137254910152967
310 1581 -0.40196078438819405
310 1815 -0.09803921586388009
310 1944 -0.014705882515073432
310 1945 -0.0049019609488296645
310 1946 0.07352941172087357
310 1947 0.0441176470114949
310 1948 -0.12745098047551284
310 1949 -0.44117647059311427
310 1950 0.06666666547039657
311 343 -6.147971021164267e-12
311 690 0.24999999997633593
311 1132 0.24999999997633604
311 1865 -0.16666666669429842
312 1610 -0.3809523812054414
312 1722 -6.671418972814536e-11
312 1740 -0.45238095241083554
313 2296 0.33333333331549275
314 1623 -0.47619047622359045
314 2000 -0.2500000000114526
315 408 -0.2666666683894694
315 423 -0.3000000001279566
315 1602 -0.35000000050133306
315 1921 -0.2666666666847617
315 2232 -0.3000000003090537
316 143 -0.03333333335826483
316 598 -0.3681818181971448
316 766 0.14999999994102486
316 845 0.1666666653393244
316 920 -0.4000000000064694
316 1073 -0.5666666666705109
316 1297 0.16666666533932517
316 1821 -0.45000000014441266
316 1868 -0.20000000216537583
316 2004 -0.6000000000255521
317 1624 -0.102941176480144
317 1785 0.24999999993889022
318 109 -0.2343750000096385
318 563 0.4999999999637059
318 1701 -0.48986486536901674
318 2045 -0.10937500011254575
319 1205 0.33333333331549286
320 348 -0.2500000000086169
320 1597 -1.6896040122560407e-11
321 269 -0.46666666667263024
321 1083 -4.557787480763409e-10
321 1450 0.1666666665323031
322 228 0.19999999997925044
323 55 -0.45000000031731946
323 162 -0.3000000000653693
323 498 -0.4666666672769568
323 2020 0.14999999842844047
323 2022 -0.46666666667263024
324 827 -0.41666666667351837
324 2156 -0.41666666667351837
324 2194 -0.46666666667263024
325 787 -0.1666666666799934
325 1848 -0.35714285714784744
326 154 0.08333333326337378
326 1358 -0.29166666687635145
326 1754 0.4999999983778427
327 928 0.09999999964646111
327 1325 -0.28333333386897985
327 1996 0.09999999994471309
327 2063 0.29999999997511473
327 2064 0.24999999993888977
328 290 -0.3000000000635945
328 951 -7.008615909853688e-12
328 1250 -0.4666666666726298
329 306 -0.4358974361150887
329 1798 -0.14583333333880444
329 2598 0.33333333330550463
330 91 -0.08333333380383667
330 1505 -0.5897435897467722
330 2123 -0.08333333334910531
331 1527 -0.3750000000074958
331 2480 -0.16666666667792018
332 2 -0.40000000052127227
332 665 -0.30000000032645047
332 2003 -0.20000000005190754
332 2122 -0.35000000015291777
332 2615 -0.3000000000100629
333 1358 -0.49404761904782135
333 1694 0.49999999996158007
334 95 -0.3571428571632642
334 693 0.09999999978946061
334 1013 -0.5784313725704329
335 1701 -0.2972972974237682
335 1986 -0.30769230775665224
336 1944 0.24999999982600873
336 1950 -0.05000000001383009
337 1214 -0.041666667001897695
337 1358 -0.5595238095408186
337 1499 0.624999999458772
337 1776 -0.2916666670473895
338 1413 -0.035087719352272284
